   24    66     0
   24    67     0
   24    68     0
   24    69     0
   24    70     0
   24    71     0
   25    63     0
   25    64     0
   25    65     0
   25    66     0
   25    67     0
   25    68     0
   25    69     0
   25    70     0
   25    71     0
   25    72     0
   25    73     0
   25    74     0
   26    62     0
   26    63     0
   26    64     0
   26    65     0
   26    66     0
   26    67     0
   26    68     0
   26    69     0
   26    70     0
   26    71     0
   26    72     0
   26    73     0
   26    74     0
   26    75     0
   26    76     0
   27    62     0
   27    63     0
   27    64     0
   27    65     0
   27    66     0
   27    67     0
   27    68     0
   27    69     0
   27    70     0
   27    71     0
   27    72     0
   27    73     0
   27    74     0
   27    75     0
   27    76     0
   27    77     0
   28    62     0
   28    63     0
   28    64     0
   28    65     0
   28    66     0
   28    67     0
   28    68     0
   28    69     0
   28    70     0
   28    71     0
   28    72     0
   28    73     0
   28    74     0
   28    75     0
   28    76     0
   28    77     0
   28    78     0
   29    61     0
   29    62     0
   29    63     0
   29    64     0
   29    65     0
   29    66     0
   29    67     0
   29    68     0
   29    69     0
   29    70     0
   29    71     0
   29    72     0
   29    73     0
   29    74     0
   29    75     0
   29    76     0
   29    77     0
   29    78     0
   30    61     0
   30    62     0
   30    63     0
   30    64     0
   30    65     0
   30    66     0
   30    67     0
   30    68     0
   30    69     0
   30    70     0
   30    71     0
   30    72     0
   30    73     0
   30    74     0
   30    75     0
   30    76     0
   30    77     0
   30    78     0
   30    79     0
   31    61     0
   31    62     0
   31    63     0
   31    64     0
   31    65     0
   31    66     0
   31    67     0
   31    68     0
   31    69     0
   31    70     0
   31    71     0
   31    72     0
   31    73     0
   31    74     0
   31    75     0
   31    76     0
   31    77     0
   31    78     0
   31    79     0
   31    80     0
   32    61     0
   32    62     0
   32    63     0
   32    64     0
   32    65     0
   32    66     0
   32    67     0
   32    68     0
   32    69     0
   32    70     0
   32    71     0
   32    72     0
   32    73     0
   32    74     0
   32    75     0
   32    76     0
   32    77     0
   32    78     0
   32    79     0
   32    80     0
   32    81     0
   33    61     0
   33    62     0
   33    63     0
   33    64     0
   33    65     0
   33    66     0
   33    67     0
   33    68     0
   33    69     0
   33    70     0
   33    71     0
   33    72     0
   33    73     0
   33    74     0
   33    75     0
   33    76     0
   33    77     0
   33    78     0
   33    79     0
   33    80     0
   33    81     0
   34    62     0
   34    63     0
   34    64     0
   34    65     0
   34    66     0
   34    67     0
   34    68     0
   34    69     0
   34    70     0
   34    71     0
   34    72     0
   34    73     0
   34    74     0
   34    75     0
   34    76     0
   34    77     0
   34    78     0
   34    79     0
   34    80     0
   34    81     0
   34    82     0
   35    62     0
   35    63     0
   35    64     0
   35    65     0
   35    66     0
   35    67     0
   35    68     0
   35    69     0
   35    70     0
   35    71     0
   35    72     0
   35    73     0
   35    74     0
   35    75     0
   35    76     0
   35    77     0
   35    78     0
   35    79     0
   35    80     0
   35    81     0
   35    82     0
   36    62     0
   36    63     0
   36    64     0
   36    65     0
   36    66     0
   36    67     0
   36    68     0
   36    69     0
   36    70     0
   36    71     0
   36    72     0
   36    73     0
   36    74     0
   36    75     0
   36    76     0
   36    77     0
   36    78     0
   36    79     0
   36    80     0
   36    81     0
   36    82     0
   37    63     0
   37    64     0
   37    65     0
   37    66     0
   37    67     0
   37    68     0
   37    69     0
   37    70     0
   37    71     0
   37    72     0
   37    73     0
   37    74     0
   37    75     0
   37    76     0
   37    77     0
   37    78     0
   37    79     0
   37    80     0
   37    81     0
   37    82     0
   37    83     0
   38    63     0
   38    64     0
   38    65     0
   38    66     0
   38    67     0
   38    68     0
   38    69     0
   38    70     0
   38    71     0
   38    72     0
   38    73     0
   38    74     0
   38    75     0
   38    76     0
   38    77     0
   38    78     0
   38    79     0
   38    80     0
   38    81     0
   38    82     0
   38    83     0
   39    64     0
   39    65     0
   39    66     0
   39    67     0
   39    68     0
   39    69     0
   39    70     0
   39    71     0
   39    72     0
   39    73     0
   39    74     0
   39    75     0
   39    76     0
   39    77     0
   39    78     0
   39    79     0
   39    80     0
   39    81     0
   39    82     0
   39    83     0
   40    64     0
   40    65     0
   40    66     0
   40    67     0
   40    68     0
   40    69     0
   40    70     0
   40    71     0
   40    72     0
   40    73     0
   40    74     0
   40    75     0
   40    76     0
   40    77     0
   40    78     0
   40    79     0
   40    80     0
   40    81     0
   40    82     0
   40    83     0
   41    65     0
   41    66     0
   41    67     0
   41    68     0
   41    69     0
   41    70     0
   41    71     0
   41    72     0
   41    73     0
   41    74     0
   41    75     0
   41    76     0
   41    77     0
   41    78     0
   41    79     0
   41    80     0
   41    81     0
   41    82     0
   41    83     0
   41    84     0
   42    65     0
   42    66     0
   42    67     0
   42    68     0
   42    69     0
   42    70     0
   42    71     0
   42    72     0
   42    73     0
   42    74     0
   42    75     0
   42    76     0
   42    77     0
   42    78     0
   42    79     0
   42    80     0
   42    81     0
   42    82     0
   42    83     0
   42    84     0
   43    65     0
   43    66     0
   43    67     0
   43    68     0
   43    69     0
   43    70     0
   43    71     0
   43    72     0
   43    73     0
   43    74     0
   43    75     0
   43    76     0
   43    77     0
   43    78     0
   43    79     0
   43    80     0
   43    81     0
   43    82     0
   43    83     0
   43    84     0
   44    66     0
   44    67     0
   44    68     0
   44    69     0
   44    70     0
   44    71     0
   44    72     0
   44    73     0
   44    74     0
   44    75     0
   44    76     0
   44    77     0
   44    78     0
   44    79     0
   44    80     0
   44    81     0
   44    82     0
   44    83     0
   44    84     0
   45    66     0
   45    67     0
   45    68     0
   45    69     0
   45    70     0
   45    71     0
   45    72     0
   45    73     0
   45    74     0
   45    75     0
   45    76     0
   45    77     0
   45    78     0
   45    79     0
   45    80     0
   45    81     0
   45    82     0
   45    83     0
   45    84     0
   46    67     0
   46    68     0
   46    69     0
   46    70     0
   46    71     0
   46    72     0
   46    73     0
   46    74     0
   46    75     0
   46    76     0
   46    77     0
   46    78     0
   46    79     0
   46    80     0
   46    81     0
   46    82     0
   46    83     0
   46    84     0
   47    67     0
   47    68     0
   47    69     0
   47    70     0
   47    71     0
   47    72     0
   47    73     0
   47    74     0
   47    75     0
   47    76     0
   47    77     0
   47    78     0
   47    79     0
   47    80     0
   47    81     0
   47    82     0
   47    83     0
   47    84     0
   48    67     0
   48    68     0
   48    69     0
   48    70     0
   48    71     0
   48    72     0
   48    73     0
   48    74     0
   48    75     0
   48    76     0
   48    77     0
   48    78     0
   48    79     0
   48    80     0
   48    81     0
   48    82     0
   48    83     0
   49    67     0
   49    68     0
   49    69     0
   49    70     0
   49    71     0
   49    72     0
   49    73     0
   49    74     0
   49    75     0
   49    76     0
   49    77     0
   49    78     0
   49    79     0
   49    80     0
   49    81     0
   49    82     0
   49    83     0
   50    68     0
   50    69     0
   50    70     0
   50    71     0
   50    72     0
   50    73     0
   50    74     0
   50    75     0
   50    76     0
   50    77     0
   50    78     0
   50    79     0
   50    80     0
   50    81     0
   50    82     0
   50    83     0
   51    68     0
   51    69     0
   51    70     0
   51    71     0
   51    72     0
   51    73     0
   51    74     0
   51    75     0
   51    76     0
   51    77     0
   51    78     0
   51    79     0
   51    80     0
   51    81     0
   51    82     0
   51    83     0
   52    68     0
   52    69     0
   52    70     0
   52    71     0
   52    72     0
   52    73     0
   52    74     0
   52    75     0
   52    76     0
   52    77     0
   52    78     0
   52    79     0
   52    80     0
   52    81     0
   52    82     0
   52    83     0
   53    68     0
   53    69     0
   53    70     0
   53    71     0
   53    72     0
   53    73     0
   53    74     0
   53    75     0
   53    76     0
   53    77     0
   53    78     0
   53    79     0
   53    80     0
   53    81     0
   53    82     0
   53    83     0
   54    68     0
   54    69     0
   54    70     0
   54    71     0
   54    72     0
   54    73     0
   54    74     0
   54    75     0
   54    76     0
   54    77     0
   54    78     0
   54    79     0
   54    80     0
   54    81     0
   54    82     0
   54    83     0
   55    68     0
   55    69     0
   55    70     0
   55    71     0
   55    72     0
   55    73     0
   55    74     0
   55    75     0
   55    76     0
   55    77     0
   55    78     0
   55    79     0
   55    80     0
   55    81     0
   55    82     0
   56    68     0
   56    69     0
   56    70     0
   56    71     0
   56    72     0
   56    73     0
   56    74     0
   56    75     0
   56    76     0
   56    77     0
   56    78     0
   56    79     0
   56    80     0
   56    81     0
   56    82     0
   57    68     0
   57    69     0
   57    70     0
   57    71     0
   57    72     0
   57    73     0
   57    74     0
   57    75     0
   57    76     0
   57    77     0
   57    78     0
   57    79     0
   57    80     0
   57    81     0
   58    68     0
   58    69     0
   58    70     0
   58    71     0
   58    72     0
   58    73     0
   58    74     0
   58    75     0
   58    76     0
   58    77     0
   58    78     0
   58    79     0
   58    80     0
   58    81     0
   59    68     0
   59    69     0
   59    70     0
   59    71     0
   59    72     0
   59    73     0
   59    74     0
   59    75     0
   59    76     0
   59    77     0
   59    78     0
   59    79     0
   59    80     0
   60    67     0
   60    68     0
   60    69     0
   60    70     0
   60    71     0
   60    72     0
   60    73     0
   60    74     0
   60    75     0
   60    76     0
   60    77     0
   60    78     0
   60    79     0
   60    80     0
   61    67     0
   61    68     0
   61    69     0
   61    70     0
   61    71     0
   61    72     0
   61    73     0
   61    74     0
   61    75     0
   61    76     0
   61    77     0
   61    78     0
   61    79     0
   62    67     0
   62    68     0
   62    69     0
   62    70     0
   62    71     0
   62    72     0
   62    73     0
   62    74     0
   62    75     0
   62    76     0
   62    77     0
   62    78     0
   62    79     0
   63    67     0
   63    68     0
   63    69     0
   63    70     0
   63    71     0
   63    72     0
   63    73     0
   63    74     0
   63    75     0
   63    76     0
   63    77     0
   63    78     0
   64    67     0
   64    68     0
   64    69     0
   64    70     0
   64    71     0
   64    72     0
   64    73     0
   64    74     0
   64    75     0
   64    76     0
   64    77     0
   65    66     0
   65    67     0
   65    68     0
   65    69     0
   65    70     0
   65    71     0
   65    72     0
   65    73     0
   65    74     0
   65    75     0
   65    76     0
   65    77     0
   66    66     0
   66    67     0
   66    68     0
   66    69     0
   66    70     0
   66    71     0
   66    72     0
   66    73     0
   66    74     0
   66    75     0
   66    76     0
   67    66     0
   67    67     0
   67    68     0
   67    69     0
   67    70     0
   67    71     0
   67    72     0
   67    73     0
   67    74     0
   67    75     0
   68    65     0
   68    66     0
   68    67     0
   68    68     0
   68    69     0
   68    70     0
   68    71     0
   68    72     0
   68    73     0
   68    74     0
   68    75     0
   69    65     0
   69    66     0
   69    67     0
   69    68     0
   69    69     0
   69    70     0
   69    71     0
   69    72     0
   69    73     0
   69    74     0
   70    64     0
   70    65     0
   70    66     0
   70    67     0
   70    68     0
   70    69     0
   70    70     0
   70    71     0
   70    72     0
   70    73     0
   71    64     0
   71    65     0
   71    66     0
   71    67     0
   71    68     0
   71    69     0
   71    70     0
   71    71     0
   71    72     0
   72    64     0
   72    65     0
   72    66     0
   72    67     0
   72    68     0
   72    69     0
   72    70     0
   72    71     0
   73    63     0
   73    64     0
   73    65     0
   73    66     0
   73    67     0
   73    68     0
   73    69     0
   73    70     0
   74    63     0
   74    64     0
   74    65     0
   74    66     0
   74    67     0
   74    68     0
   74    69     0
   75    62     0
   75    63     0
   75    64     0
   75    65     0
   75    66     0
   75    67     0
   75    68     0
   75    69     0
   76    62     0
   76    63     0
   76    64     0
   76    65     0
   76    66     0
   76    67     0
   76    68     0
   77    61     0
   77    62     0
   77    63     0
   77    64     0
   77    65     0
   77    66     0
   77    67     0
   78    60     0
   78    61     0
   78    62     0
   78    63     0
   78    64     0
   78    65     0
   78    66     0
   79    59     0
   79    60     0
   79    61     0
   79    62     0
   79    63     0
   79    64     0
   79    65     0
   80    59     0
   80    60     0
   80    61     0
   80    62     0
   80    63     0
   80    64     0
   81    58     0
   81    59     0
   81    60     0
   81    61     0
   81    62     0
   81    63     0
   82    57     0
   82    58     0
   82    59     0
   82    60     0
   82    61     0
   82    62     0
   83    56     0
   83    57     0
   83    58     0
   83    59     0
   83    60     0
   84    56     0
   84    57     0
   84    58     0
   84    59     0
   85    55     0
   85    57     0
   85    58     0
   86    54     0
   86    56     0
   87    52     0
   87    53     0
   87    55     0
   88    51     0
   88    53     0
   88    54     0
   89    50     0
   89    51     0
   89    52     0
   90    48     0
   90    49     0
   90    50     0
   91    47     0
   91    48     0
   92    46     0
