   90   138     0
   90   139     0
   90   140     0
   90   141     0
   90   142     0
   90   143     0
   90   144     0
   91   136     0
   91   137     0
   91   145     0
   91   146     0
   92   135     0
   92   147     0
   93   134     0
   93   148     0
   94   134     0
   94   148     0
   95   133     0
   95   149     0
   96   133     0
   96   149     0
   97   133     0
   97   149     0
   98   133     0
   98   149     0
   99   133     0
   99   149     0
  100   132     0
  100   149     0
  101   132     0
  101   149     0
  102   132     0
  102   148     0
  103   132     0
  103   148     0
  104   132     0
  104   147     0
  105   131     0
  105   147     0
  106   131     0
  106   146     0
  107   131     0
  107   146     0
  108   131     0
  108   145     0
  109   130     0
  109   144     0
  110   130     0
  110   144     0
  111   130     0
  111   143     0
  112   129     0
  112   142     0
  113   129     0
  113   142     0
  114   128     0
  114   141     0
  115   128     0
  115   140     0
  116   127     0
  116   140     0
  117   127     0
  117   139     0
  118   126     0
  118   138     0
  119   126     0
  119   137     0
  120   125     0
  120   136     0
  121   125     0
  121   136     0
  122   124     0
  122   135     0
  123   124     0
  123   134     0
  124   123     0
  124   133     0
  125   122     0
  125   132     0
  126   122     0
  126   131     0
  127   121     0
  127   130     0
  128   120     0
  128   129     0
  129   119     0
  129   128     0
  130   119     0
  130   127     0
  131   118     0
  131   126     0
  132   117     0
  132   124     0
  132   125     0
  133   116     0
  133   123     0
  134   116     0
  134   122     0
  135   115     0
  135   121     0
  136   114     0
  136   120     0
  137   113     0
  137   118     0
  137   119     0
  138   111     0
  138   112     0
  138   117     0
  139   110     0
  139   116     0
  140   109     0
  140   114     0
  140   115     0
  141   108     0
  141   112     0
  141   113     0
  142   107     0
  142   111     0
  143   106     0
  143   109     0
  143   110     0
  144   105     0
  144   107     0
  144   108     0
  145   103     0
  145   104     0
  145   105     0
  145   106     0
  146   102     0
  146   104     0
  147   101     0
  147   102     0
  147   103     0
  148   100     0
  148   101     0
  149    99     0
