   48   111     0
   48   112     0
   48   113     0
   48   114     0
   48   115     0
   48   116     0
   48   117     0
   48   118     0
   48   119     0
   48   120     0
   48   121     0
   48   122     0
   48   123     0
   48   124     0
   48   125     0
   48   126     0
   48   127     0
   48   128     0
   48   129     0
   48   130     0
   48   131     0
   48   132     0
   48   133     0
   48   134     0
   49   107     0
   49   108     0
   49   109     0
   49   110     0
   49   111     0
   49   112     0
   49   113     0
   49   114     0
   49   115     0
   49   116     0
   49   117     0
   49   118     0
   49   119     0
   49   120     0
   49   121     0
   49   122     0
   49   123     0
   49   124     0
   49   125     0
   49   126     0
   49   127     0
   49   128     0
   49   129     0
   49   130     0
   49   131     0
   49   132     0
   49   133     0
   49   134     0
   49   135     0
   49   136     0
   49   137     0
   49   138     0
   50   104     0
   50   105     0
   50   106     0
   50   107     0
   50   108     0
   50   109     0
   50   110     0
   50   111     0
   50   112     0
   50   113     0
   50   114     0
   50   115     0
   50   116     0
   50   117     0
   50   118     0
   50   119     0
   50   120     0
   50   121     0
   50   122     0
   50   123     0
   50   124     0
   50   125     0
   50   126     0
   50   127     0
   50   128     0
   50   129     0
   50   130     0
   50   131     0
   50   132     0
   50   133     0
   50   134     0
   50   135     0
   50   136     0
   50   137     0
   50   138     0
   50   139     0
   50   140     0
   51   104     0
   51   105     0
   51   106     0
   51   107     0
   51   108     0
   51   109     0
   51   110     0
   51   111     0
   51   112     0
   51   113     0
   51   114     0
   51   115     0
   51   116     0
   51   117     0
   51   118     0
   51   119     0
   51   120     0
   51   121     0
   51   122     0
   51   123     0
   51   124     0
   51   125     0
   51   126     0
   51   127     0
   51   128     0
   51   129     0
   51   130     0
   51   131     0
   51   132     0
   51   133     0
   51   134     0
   51   135     0
   51   136     0
   51   137     0
   51   138     0
   51   139     0
   51   140     0
   51   141     0
   52   104     0
   52   105     0
   52   106     0
   52   107     0
   52   108     0
   52   109     0
   52   110     0
   52   111     0
   52   112     0
   52   113     0
   52   114     0
   52   115     0
   52   116     0
   52   117     0
   52   118     0
   52   119     0
   52   120     0
   52   121     0
   52   122     0
   52   123     0
   52   124     0
   52   125     0
   52   126     0
   52   127     0
   52   128     0
   52   129     0
   52   130     0
   52   131     0
   52   132     0
   52   133     0
   52   134     0
   52   135     0
   52   136     0
   52   137     0
   52   138     0
   52   139     0
   52   140     0
   53   107     0
   53   108     0
   53   109     0
   53   110     0
   53   111     0
   53   112     0
   53   113     0
   53   114     0
   53   115     0
   53   116     0
   53   117     0
   53   118     0
   53   119     0
   53   120     0
   53   121     0
   53   122     0
   53   123     0
   53   124     0
   53   125     0
   53   126     0
   53   127     0
   53   128     0
   53   129     0
   53   130     0
   53   131     0
   53   132     0
   53   133     0
   53   134     0
   53   135     0
   53   136     0
   53   137     0
   53   138     0
   54   111     0
   54   112     0
   54   113     0
   54   114     0
   54   115     0
   54   116     0
   54   117     0
   54   118     0
   54   119     0
   54   120     0
   54   121     0
   54   122     0
   54   123     0
   54   124     0
   54   125     0
   54   126     0
   54   127     0
   54   128     0
   54   129     0
   54   130     0
   54   131     0
   54   132     0
   54   133     0
   54   134     0
